 31766 -52454 -3  5
-52374 -41935  5  4
 31758 -31427 -3  3
-41862  31671  4 -3
 10747 -41934 -1  4
 21267  42181 -2 -4
 52759 -20913 -5  2
 31734  52701 -3 -5
-41823  31669  4 -3
-52346  42184  5 -4
-20801 -52451  2  5
 31760 -20904 -3  2
-31356 -10397  3  1
-41823 -41934  4  4
 10724 -10389 -1  1
-31344 -31427  3  3
-41826  42186  4 -4
-52393  42186  5 -4
 42281  52698 -4 -5
 10700 -10398 -1  1
 21259  31667 -2 -3
 21215  31662 -2 -3
-10294  10635  1 -1
 31734 -10392 -3  1
 52764  52698 -5 -5
-52394  21148  5 -2
-20809 -31428  2  3
-52333  31666  5 -3
 31787 -20913 -3  2
 52776 -10391 -5  1
-52393 -52449  5  5
 31768  52701 -3 -5
 31734  21155 -3 -2
-41847 -52455  4  5
 21220  21147 -2 -2
 42273  10640 -4 -1
 10753  52696 -1 -5
-10309 -10389  1  1
 42241  21149 -4 -2
 52806  52701 -5 -5
-20801  31670  2 -3
 10720  21152 -1 -2
 31737  42181 -3 -4
-31332 -20913  3  2
-10321  52695  1 -5
-10294  31664  1 -3
-10331 -41943  1  4
 52788 -10397 -5  1
 52766 -31428 -5  3
-31332 -52458  3  5
-31356 -20909  3  2
-10329 -52453  1  5
-31346 -31419  3  3
 31787  10638 -3 -1
 10736  21152 -1 -2
 21255 -31419 -2  3
-31308  31669  3 -3
-52386  42186  5 -4
-10314 -20912  1  2
 31766 -41938 -3  4
 42273  21149 -4 -2
 21255 -31419 -2  3
-41860 -41934  4  4
-20817 -31421  2  3
 21231  52695 -2 -5
-20793  21151  2 -2
 42274  31671 -4 -3
-31353  10636  3 -1
 21235 -41937 -2  4
 21251 -52452 -2  5
 42289 -20905 -4  2
 52766  31666 -5 -3
-52357  52701  5 -5
-52386 -41935  5  4
 42260 -20913 -4  2
-20836  42180  2 -4
-52386  31670  5 -3
 10757 -10390 -1  1
 10752  42183 -1 -4
-52381  10633  5 -1
-31332  31667  3 -3
 21237  52701 -2 -5
 10731 -41934 -1  4
 31787 -31425 -3  3
 52757 -41943 -5  4
-52374  52698  5 -5
-52338 -52456  5  5
-20844  42178  2 -4
-20825 -52456  2  5
-52367 -10389  5  1
 10744  52697 -1 -5
 10704 -52457 -1  5
 31766  42186 -3 -4
 52761 -10390 -5  1
 31777 -20904 -3  2
-41818 -41938  4  4
-52370  10637  5 -1
 21267  10639 -2 -1
-52382 -10394  5  1
-52370  42180  5 -4
 21223 -31428 -2  3
-20845 -20913  2  2
 52812  21148 -5 -2
 42241 -41935 -4  4
 52814  52696 -5 -5
-31316 -10398  3  1
 52776  10636 -5 -1
-41823  21148  4 -2
 52788 -10391 -5  1
-52370  42186  5 -4
 10721  52701 -1 -5
 10744  42185 -1 -4
 21219 -41939 -2  4
-52378 -52451  5  5
 31758 -20911 -3  2
-31332  52697  3 -5
-10329  31671  1 -3
-31308  42179  3 -4
 31726 -20911 -3  2
 42275  52701 -4 -5
-20829  21149  2 -2
 10706  52696 -1 -5
-31312  52701  3 -5
-31364 -10397  3  1
-41855  42179  4 -4
-41823  31665  4 -3
-31362 -10389  3  1
 42273 -20912 -4  2
 10700 -52453 -1  5
 52788  21149 -5 -2
-10324 -31424  1  3
-31356 -31423  3  3
 10725  52701 -1 -5
-52343  42186  5 -4
-31324 -31425  3  3
 52799 -31419 -5  3
 10716 -52458 -1  5
-20849  10638  2 -1
-52378 -20905  5  2
 52764 -10391 -5  1
 31726  10635 -3 -1
 31750 -20907 -3  2
-31344  10636  3 -1
-41839 -10397  4  1
-52333  52701  5 -5
 52780 -41939 -5  4
 42242  10641 -4 -1
 10728 -20909 -1  2
 52780 -41943 -5  4
 31766 -41939 -3  4
-20846 -41934  2  4
-31303  10640  3 -1
 42282 -41934 -4  4
 52780 -20907 -5  2
 31726 -20908 -3  2
-10310  31666  1 -3
-31316 -41940  3  4
-20801  10635  2 -1
-41859 -10396  4  1
 31750  31669 -3 -3
-52370  21151  5 -2
-31312 -52449  3  5
-20821 -10389  2  1
 10744  42179 -1 -4
 31766 -20909 -3  2
-41870  52692  4 -5
-52366  31671  5 -3
-31364 -41938  3  4
-31324  52700  3 -5
 42289 -52449 -4  5
-10298  21156  1 -2
 21212  31662 -2 -3
 10696 -20907 -1  2
 52776  52699 -5 -5
 42261  52697 -4 -5
 21235 -20905 -2  2
-52334  42181  5 -4
 52777 -31428 -5  3
 10716  31665 -1 -3
 52817 -41943 -5  4
 52798 -41934 -5  4
-52338  52696  5 -5
-52338  42178  5 -4
 31787  42186 -3 -4
-31356 -52454  3  5
 21259  31667 -2 -3
-20807  10641  2 -1
-31319  10641  3 -1
 31746  31667 -3 -3
-31324  31671  3 -3
-10278 -10398  1  1
-10286  42181  1 -4
 42257 -10390 -4  1
-52354  10641  5 -1
-20845 -31423  2  3
 21220 -31424 -2  3
 21230 -20904 -2  2
-52392 -41934  5  4
-20793  52694  2 -5
 10744 -41941 -1  4
 31758  42185 -3 -4
-20788  21149  2 -2
-52346 -31428  5  3
 31729 -20908 -3  2
 52804 -20909 -5  2
-20841  52697  2 -5
-20820 -41934  2  4
-20829 -41936  2  4
-52375  10632  5 -1
-41874  42184  4 -4
 52756  52700 -5 -5
 42265  42184 -4 -4
-31364  31668  3 -3
-10310  42178  1 -4
 10716 -52454 -1  5
 31774 -41937 -3  4
-52389  10638  5 -1
 31747  52692 -3 -5
-31316 -52457  3  5
 52760 -31423 -5  3
-31305  21151  3 -2
 10736 -31421 -1  3
-10326  10634  1 -1
-41847 -20905  4  2
-10286  31666  1 -3
 31787 -20906 -3  2
 42290 -31419 -4  3
 21223 -10394 -2  1
-31306 -10394  3  1
-20801  21149  2 -2
 31753 -52449 -3  5
 31787  21151 -3 -2
-10314  10634  1 -1
 42284  21156 -4 -2
 21235  10632 -2 -1
 21228  31671 -2 -3
-20825  21147  2 -2
 31758  21153 -3 -2
-31305 -20909  3  2
 42241  42184 -4 -4
-20801  31663  2 -3
 52796 -52453 -5  5
-10334 -31423  1  3
 52764 -31425 -5  3
 10720 -10393 -1  1
-20844 -31422  2  3
 10704  10635 -1 -1
 42250  52696 -4 -5
-10273  52695  1 -5
 10698  31662 -1 -3
-10278  10638  1 -1
 21211  52693 -2 -5
 42298 -31424 -4  3
-10326  52701  1 -5
 31760  31671 -3 -3
 10752  10641 -1 -1
-10313 -10398  1  1
-31311  31671  3 -3
 42273 -31422 -4  3
 10720  42184 -1 -4
-20845  31670  2 -3
-31347  10641  3 -1
-10332  52692  1 -5
-31332 -31419  3  3
 42293  21156 -4 -2
-31353  10632  3 -1
-31316  52699  3 -5
-31364  21149  3 -2
-10278  21156  1 -2
 42302 -31427 -4  3
 21219 -41942 -2  4
 31731  52701 -3 -5
 42241 -20909 -4  2
-31344 -10397  3  1
 42277 -20904 -4  2
-10274 -41939  1  4
 31782 -52450 -3  5
-41876  31667  4 -3
 10749 -20904 -1  2
 21224 -20911 -2  2
 31734  31662 -3 -3
 21231  10635 -2 -1
-52389 -31419  5  3
 31734 -41937 -3  4
 42257 -20905 -4  2
 42297  52697 -4 -5
 52805  21156 -5 -2
 10709 -20910 -1  2
-52370 -31420  5  3
-10326  21152  1 -2
